data.addColumn('number', 'First');
      data.addColumn('number', 'Random');
      data.addColumn('number', 'Median');



[0,7.695,6.695,7.244],
      [1, 4.840, 5.514, 4.244],
      [2,4.095, 3.129, 2.464],
      [3, 4.119, 1.864, 1.894],
      [4, 4.729, 2.080, 1.855], 
      [5, 3.379, 1.850, 1.990],
      [6,3.649, 2.019,1.815],
      [7,3.040,2.669,1.909],
      [8, 3.330,3.710,1.795],
      [9,2.845,2.455,1.949],
      [10,2.905,2.579,1.805], 
      [11,2.765,2.445,2.314],
      [12,2.470,2.584,1.989], 
      [13,3.049,2.575,2.019],
      [14,4.504,2.420,1.805],
      [15,2.535,2.439,1.935],
      [16,2.524,2.319,1.794],
      [17,2.020,1.855,1.939],
      [18,1.965,1.965,1.860],
      [19,2.114,1.900,1.904],
      [20,2.559,2.015,1.835], 
      [21,2.775,2.079,2.119],
      [22,2.240,2.080,1.825],
      [23,2.145,1.874,1.789],
      [24,1.929,1.994,1.905],
      [25,2.225,1.844,1.839],
      [26,2.114,1.965,1.940],
      [27,2.540,1.869,2.544],
      [28,2.760,1.970,2.070],
      [29,3.165,1.885,1.914]
        ]);